{
  "artifact": "/kaggle/working/phase2_encoder_family/encoder_study/dinov2small_hubert/pca_joint.pt",
  "feature_space": "joint",
  "ambient_dim": 1152,
  "n_samples": 3850,
  "visual_dim": 384,
  "audio_dim": 768,
  "dim_at_80pct": 42,
  "dim_at_90pct": 79,
  "dim_at_95pct": 125,
  "top20_explained_variance_ratio": [0.13680699467659, 0.0617508254945278, 0.0549227930605412, 0.0484942831099033, 0.0397114381194115, 0.0343704968690872, 0.0289694759994745, 0.0278162825852633, 0.0251144822686911, 0.0241607110947371, 0.0224000830203295, 0.0206245705485344, 0.018720680847764, 0.0166397094726563, 0.0164176467806101, 0.0149938650429249, 0.0139867756515741, 0.0134223718196154, 0.0127085959538817, 0.0116446306928992],
  "top50_cumulative_variance": [0.13680699467659, 0.198557823896408, 0.253480613231659, 0.301974892616272, 0.341686338186264, 0.376056849956512, 0.405026316642761, 0.432842582464218, 0.457957088947296, 0.482117772102356, 0.50451785326004, 0.525142431259155, 0.543863117694855, 0.560502827167511, 0.576920449733734, 0.591914355754852, 0.605901122093201, 0.619323492050171, 0.632032096385956, 0.643676698207855, 0.655113875865936, 0.665969908237457, 0.675910472869873, 0.685560822486877, 0.694656133651733, 0.703429102897644, 0.711782813072205, 0.719677031040192, 0.727359771728516, 0.73467618227005, 0.741762220859528, 0.748604655265808, 0.754999399185181, 0.761111676692963, 0.76687490940094, 0.772390842437744, 0.777608692646027, 0.782624363899231, 0.787491798400879, 0.792273044586182, 0.796919584274292, 0.801527142524719, 0.805967628955841, 0.81003725528717, 0.813925504684448, 0.817687094211578, 0.821375787258148, 0.825012862682343, 0.828523397445679, 0.831843733787537]
}



{
  "artifact": "/kaggle/working/phase2_encoder_family/encoder_study/clip_whispertiny/pca_joint.pt",
  "feature_space": "joint",
  "ambient_dim": 1152,
  "n_samples": 1980,
  "visual_dim": 768,
  "audio_dim": 384,
  "dim_at_80pct": 67,
  "dim_at_90pct": 126,
  "dim_at_95pct": 202,
  "top20_explained_variance_ratio": [0.0873328372836113, 0.0608180090785027, 0.0365056805312634, 0.0340002700686455, 0.0331651493906975, 0.0314900502562523, 0.0280325021594763, 0.0276245065033436, 0.0226106103509665, 0.0187060106545687, 0.0180816277861595, 0.0167532805353403, 0.0157489217817783, 0.0150290038436651, 0.0144748818129301, 0.0134769016876817, 0.0128927137702703, 0.0126525023952127, 0.012095270678401, 0.0116497222334147],
  "top50_cumulative_variance": [0.0873328372836113, 0.148150846362114, 0.184656530618668, 0.218656793236732, 0.251821935176849, 0.283311992883682, 0.311344504356384, 0.338968992233276, 0.361579596996307, 0.380285620689392, 0.398367255926132, 0.415120542049408, 0.430869460105896, 0.445898443460465, 0.460373342037201, 0.473850250244141, 0.486742943525314, 0.499395459890366, 0.511490702629089, 0.52314043045044, 0.534299850463867, 0.545314848423004, 0.55582982301712, 0.566015720367432, 0.575788855552673, 0.58528482913971, 0.59452760219574, 0.603533148765564, 0.612265050411224, 0.620744585990906, 0.629079937934876, 0.636736690998077, 0.644150197505951, 0.651304066181183, 0.658234000205994, 0.665137410163879, 0.671692728996277, 0.678132891654968, 0.684528708457947, 0.690672099590302, 0.696614623069763, 0.702244520187378, 0.707749724388123, 0.713066279888153, 0.718332409858704, 0.723519146442413, 0.728424191474915, 0.733116209506989, 0.737762629985809, 0.742194294929504]
}

dinov2small_hubert baseline no noise best metrics json
"root":{6 items
"epoch":int20
"lr":float0.00012500000000000008
"train_loss":float0.12038777763268155
"val_auc":float0.8734222222222222
"val_eer":float0.22799999999999998
"val_loss":float0.2662404654189371
}   



clip_whispertiny baseline no noise best metrics json
"root":{6 items
"epoch":int9
"lr":float0.0003969463130731183
"train_loss":float0.05771809816477828
"val_auc":float0.98528
"val_eer":float0.03866666666666668
"val_loss":float0.08938649724642836
}